   2.0000000e+00  -5.2856502e-01  -1.4355968e-01   1.7838487e-01  -1.0088946e-01   1.2760179e-01   8.5255688e-01
   2.0000000e+00  -1.0482109e-01  -3.4293572e-01   7.2497034e-01  -5.6484249e-01   1.6722286e+00   1.4736440e-01
   2.0000000e+00   3.6833421e-01   4.8197484e-01   6.4891134e-01  -7.8807463e-01   5.4893828e-01   7.4735135e-01
   2.0000000e+00   1.5721720e+00   3.5838346e-01  -5.6772460e-01  -8.3404164e-01  -1.3811005e+00   3.8524435e-01
   1.0000000e+00   2.7926592e-01   1.6321522e+00   2.0009909e-01   1.7679699e-03  -1.7675018e+00   1.5753957e+00
   2.0000000e+00  -1.0212082e+00  -1.6885961e+00  -1.6539266e+00  -7.6153613e-01   4.8364308e-01  -2.2602051e+00
   2.0000000e+00   1.2667678e+00  -2.5229412e-01   3.5774585e-01   4.0201807e-01   2.5213934e-01  -4.0663126e-01
   2.0000000e+00   1.8420317e+00  -4.2449024e-02   6.2902056e-01   2.3341663e-01   1.5503792e+00  -5.0648648e-01
   2.0000000e+00   1.9210241e+00  -1.7023640e-01   1.6756429e+00  -1.2870920e+00  -3.8328502e-01   1.3793259e+00
   1.0000000e+00   3.8431668e-02   4.1477481e-01   2.4046434e+00   6.7592237e-01   1.2632419e+00   7.7497994e-01
   1.0000000e+00   3.4922784e-01  -8.1417940e-01   1.1269561e+00   3.3852398e-01  -6.0438259e-01  -1.6031494e-02